mass:
sun:        1.0
Mercury:    1.66013679527193035E-7
Venus:      2.44783959796682464E-6
Earth:      3.04043273871083524E-6
Mars:       3.22714936215392876E-7
Jupiter:    9.54790662147324233E-4
Saturn:     2.85877644368210402E-4
Uranus:     4.35540069686411149E-5
Neptune:    5.17759138448793649E-5
Pluto:      7.6923076923076926E-9